.Random.seed <-
c(403L, 201L, 205503892L, 2115874700L, -1922287726L, 710548223L, 
727853587L, -2035814252L, -2004438214L, 127359747L, -1542118608L, 
886251760L, 1249565954L, 635109248L, 1976093926L, 632409592L, 
78999889L, -1716241592L, -1420034579L, 300009855L, 621974934L, 
1177847369L, 938659984L, 1364428553L, 1457418723L, 777492837L, 
168920674L, 2071940509L, 603570178L, -578277475L, 1256032689L, 
678298782L, 269217690L, 942105636L, -2141439324L, -1831474671L, 
245456988L, 1464756704L, -440428070L, -24549979L, 789647694L, 
2097010243L, -1764083626L, 156932032L, -96498766L, 1044562589L, 
-1982197926L, -1598004375L, -1560998076L, -736195473L, 829453986L, 
-566485823L, 1745327324L, 423738463L, -1040831197L, 1081663169L, 
-512167133L, 521057824L, 1386796280L, -1702625288L, -2081666197L, 
-1852251785L, 1761179149L, -481741817L, -973037329L, 118032450L, 
865978453L, -1881405610L, -1114716762L, 1191493038L, -1969254189L, 
-1680589295L, -1049551445L, -1913646955L, -1683546927L, 868241784L, 
353381421L, -118548779L, 639413962L, -834412671L, 1789085864L, 
-380578149L, 847237241L, -1872986242L, 1217491118L, 1537748476L, 
-1139524227L, 816518612L, 644104901L, 915113230L, 875939317L, 
1680466710L, -445934745L, -1878355668L, 822984382L, 55272216L, 
697722321L, 1117635155L, -1554788758L, -865303970L, -2068489621L, 
-1127602978L, 1043765377L, -188959124L, -831452803L, 200632169L, 
1460689518L, 2143828577L, 92943004L, -616159108L, 497673780L, 
1167242014L, -1156724365L, -453037086L, 199287622L, -1152202705L, 
1845932741L, -466352254L, -1518025976L, 2141089131L, -1833993324L, 
-1747475619L, 390132470L, 234105623L, -509562274L, -1972758686L, 
1519655990L, 1617637226L, -1831953703L, 502921974L, 1933254143L, 
536276226L, 1986517987L, -547834415L, -264896605L, 357374804L, 
1994486626L, 376516504L, -351563379L, -756021374L, -556814422L, 
-225656659L, 498770575L, -734379814L, 989039768L, -439945759L, 
1751255347L, -1186973197L, 518901370L, 138516297L, -905507199L, 
182251064L, 2067900795L, 1525656039L, 1811432334L, -419091776L, 
736072467L, -2084530840L, 1542247518L, -95443629L, -958581462L, 
859635577L, 1506626059L, 742164123L, 850455715L, -1552299861L, 
-1748142834L, -2072020015L, -903192608L, 954440735L, 1835250444L, 
-235654810L, -773120560L, -8253495L, -4405917L, 1570238131L, 
809734207L, 1863384541L, 385757476L, 1936633669L, -86803626L, 
-1443151111L, -1250083158L, -954386780L, 543627704L, -148313655L, 
-882946868L, -212815843L, 1706339863L, -881100608L, -1382140610L, 
-669974988L, -216008694L, 661552717L, 723352267L, -1152578073L, 
-1112413995L, 291916718L, 1792004770L, 2130791487L, 2142957370L, 
-1094717399L, -1144074447L, -1484145762L, -1050452897L, 52518607L, 
1911746150L, 583700496L, 817983185L, -2022015689L, 122440723L, 
929447497L, 390869640L, -1934205414L, 784065374L, 2140996934L, 
1256787137L, -383653666L, 1893083496L, -110099863L, 231464039L, 
-1562576049L, -1246624478L, -1124247131L, -1711888272L, -166161885L, 
-152716297L, 1496628110L, -1935875368L, -838271308L, 907685478L, 
-1908071709L, 1420552281L, -1063844410L, -2035086700L, 1803586642L, 
1166442385L, -525488711L, 1053763004L, 938563522L, -899526245L, 
421320930L, -865643878L, 1159870681L, -262664200L, 741243820L, 
1802064693L, 523988794L, -529389907L, -1741318359L, 571722802L, 
1607331148L, 689513673L, 1129050901L, -93474226L, 916546407L, 
-1844341143L, -2031375516L, -422004419L, -2022559149L, 608967438L, 
-1830581037L, -294302908L, 1443634823L, -828539230L, 1314277325L, 
787417284L, 177181996L, -1642774408L, -566567261L, -1492911625L, 
2053776798L, -593910953L, -679988188L, -607632090L, 1658756218L, 
782019182L, 1486996045L, -939004175L, -1911107479L, -138723803L, 
696906261L, 1260629119L, 1220655021L, -290020219L, 1409296986L, 
1840948262L, 424197009L, -150933371L, -1965212947L, -709367486L, 
-1672883155L, 1494455355L, -2069697018L, 203753984L, -653509119L, 
690029799L, 590475518L, -766208812L, -1019132758L, -779971533L, 
1284190451L, 463814165L, -286984783L, 1495018178L, -1971743555L, 
-381375459L, -1715967331L, 1193998949L, 1014827131L, -839177288L, 
1979580098L, 1913280439L, 1750693978L, 672127647L, 2085856759L, 
858328659L, -584027272L, -229728002L, 1074595969L, -1928262676L, 
-1480455654L, -1093897006L, 1926967752L, -1412707334L, -514061992L, 
-836232481L, -413309095L, -1162420297L, 1873228355L, -568690877L, 
-1413530728L, -1745382911L, -1230997362L, -1698284006L, 385108747L, 
1019519201L, -910506062L, -110919678L, -995453841L, 77397259L, 
-732551589L, 203290236L, -733578414L, -249880410L, -1578191807L, 
788764214L, 2003609225L, -846863423L, 1375493883L, -1412091027L, 
1313744198L, -1340870712L, -496658122L, 597545700L, -1585472383L, 
75946253L, 1874782223L, -595449525L, 1577860102L, 1150735311L, 
-943386588L, 829662531L, -1007358189L, 1611280137L, 1678905781L, 
1234189350L, -348426010L, 1249512477L, -185870885L, -716766988L, 
547899776L, 738125453L, 1454216767L, 2136393723L, -1673164526L, 
1593663567L, -99083060L, -973626806L, -313384919L, -793730215L, 
172470738L, -1357110388L, -1930184962L, 54143204L, -453394567L, 
221533958L, 2086762333L, -469661254L, 1980694375L, 891291686L, 
-1650467389L, -1211534528L, 35380000L, 1312167398L, 227315141L, 
732112016L, 1181579124L, 905718386L, -1690084395L, -1861980649L, 
-1813905237L, 1855307415L, -1272760286L, -873778158L, 2044209427L, 
325511426L, -809030193L, -1456923759L, -1783892968L, -1485641832L, 
-617742245L, 1069532428L, -870724604L, 1548980807L, -1553144457L, 
-1311939774L, 1422130186L, -1820599261L, -1941741316L, -2021370166L, 
-1312182273L, 1539287684L, 1926007557L, -2127721659L, 223922268L, 
-232359832L, -953216251L, -1085333412L, 1449318280L, 1411422856L, 
-992848912L, 1330484174L, 600374396L, 1521613945L, 171984341L, 
-1611723277L, 305472902L, -92833951L, -563608750L, 1838860938L, 
664815730L, -2000551850L, 1685100365L, -998304859L, -293954096L, 
934870996L, 1490048899L, -1576796401L, 799936431L, 1571505905L, 
-1795697492L, 523463468L, -1653235284L, -1491632417L, 2101603465L, 
-231954472L, 2087021348L, -1051151147L, 702963833L, -1927239310L, 
-158151422L, -741906414L, -1629523903L, 932337244L, 629131341L, 
2094463647L, 1563681118L, 622608217L, -1210681940L, -300453061L, 
710165605L, 501748777L, -599925421L, 1226602937L, -1913328757L, 
-1797980557L, -148294198L, 606800717L, -1414725806L, -1965979825L, 
1130908007L, 361434353L, 262010541L, 367070394L, 1436898203L, 
1523183656L, 1153703841L, 452858339L, -1146402287L, -929087519L, 
1345036226L, -2073885110L, -507414177L, 57445924L, 430963200L, 
-887770745L, -683059655L, -596254264L, -608735834L, 1346186417L, 
1696521226L, -1007380040L, -1303305786L, 1132973108L, -1583587936L, 
378465141L, 1129852897L, -718720656L, 1363264243L, -393553192L, 
582056964L, 2101501900L, 978707574L, -2003959417L, 684679858L, 
-858591182L, 1600152492L, -2140873815L, -1225910012L, -1126065503L, 
120110072L, 831714815L, -1868109821L, 479502189L, -167633619L, 
1521669263L, 1752715908L, -543448114L, -1687528660L, 1546802699L, 
716645073L, 2124533959L, -1058918220L, -1144904935L, 1585473304L, 
-2034014145L, 1624467195L, 1406554254L, 1615147130L, -1867300433L, 
-1363105790L, -550934745L, 1992454530L, 412572957L, -863685275L, 
282485792L, -393981657L, -274831196L, -1539044879L, -1688358103L, 
799553893L, 1266326654L, -1045363953L, -269591811L, 522396413L, 
802890637L, 475749938L, 1849111132L, -1709762192L, 1764403478L, 
-1070245208L, 1194511035L, 1954075211L, 1663823212L, -1187316576L, 
1574693819L, -531179288L, 1731811013L, -1829256780L, -1280099882L, 
-1004987134L, 1500000961L, 2131112269L, -1081548539L, -751704403L, 
-1622101304L, -323145516L, -1473561914L, 1133750806L, 1302430078L, 
2060975319L, 280624441L, -1138668093L, 102589666L, -2141066042L, 
750750543L, 637341162L, -1434343616L, 1245817485L, 44761174L, 
2063981819L, -1856499718L, 841472269L, 849424363L, 2146173646L, 
-66691472L, 1573243868L, -1666158262L, -1782419947L, 2072680461L, 
-1593375463L, 1677271097L, 89389765L, 2021503686L, -1146609134L, 
